GLC											
5760.322712	1991.723258	NA	NA	6682.215813	1011.609592	12688.39147	1754.21236	8401.986027	1266.748103	6540.694969	1124.648737
NA	NA	NA	NA	NA	NA	NA	NA	NA	NA	NA	NA
NA	NA	NA	NA	NA	NA	NA	NA	NA	NA	NA	NA
NA	NA	NA	NA	NA	NA	NA	NA	NA	NA	NA	NA
NA	NA	NA	NA	NA	NA	NA	NA	NA	NA	NA	NA
NA	NA	NA	NA	NA	NA	NA	NA	NA	NA	NA	NA
26462.34116	6210.026104	26135.25091	5258.115019	52409.52944	9352.004144	92167.21465	18374.18969	73791.78349	14180.97735	68004.2109	9911.005388
											
G6P											
1516.283089	182.9434286	423.8106357	34.48592853	307.4684267	29.00034376	281.7366467	39.6558639	246.909538	21.32980329	237.7010642	16.56194088
140.4173227	14.78774157	72.13455277	8.448038545	37.38653549	4.436966035	31.06327735	2.109870826	NA	NA	22.41174733	2.73062162
104.635277	10.39417741	111.5802174	8.374059286	75.1866391	3.12717765	69.80785393	2.395211181	65.31713846	6.632953882	62.74012173	6.943022028
152.5954408	16.03944355	269.742101	22.7848259	222.2555796	7.782170986	176.251072	20.49744973	168.715365	7.157110126	158.0762435	16.2260866
38.90195687	3.890205333	120.4787379	13.89333951	115.9358384	10.06065749	77.17823276	7.751514189	79.00503081	6.119249584	73.59900629	3.892845498
46.56045371	5.955433642	228.3879079	25.7522032	290.7168856	13.04617771	245.9833173	13.14894712	290.2579346	5.069289984	309.3122789	32.57055384
550.8683381	36.76406471	1875.531513	211.2577112	3207.058026	243.6351917	3227.81523	110.4219329	3913.132981	140.9879527	4011.398194	303.1952924
											
F6P											
394.2252121	41.54623334	142.9569516	9.06688396	110.0941175	6.459101916	93.40783911	2.378700498	72.61243693	6.791525868	57.59697876	6.583776268
33.24466816	8.988336347	NA	NA	NA	NA	NA	NA	NA	NA	NA	NA
NA	NA	NA	NA	NA	NA	NA	NA	NA	NA	NA	NA
39.5845819	0.409323623	58.63492921	6.393662836	51.49366475	1.472587506	48.71456361	3.470346807	42.6133981	0.842116553	27.69417088	2.432970957
NA	NA	30.93122206	5.610185205	28.37158116	2.812561444	19.92106865	1.014265651	20.38823301	4.251565606	16.68633031	3.175155145
NA	NA	51.28180045	3.488028319	61.65173621	12.75077226	57.54489027	4.52677933	75.60382928	9.167099368	52.90833301	11.53964428
118.7815397	6.168884264	407.3660589	49.26355488	780.3164282	67.84261022	791.2644417	5.598634814	905.9942857	42.60066183	901.218248	40.70710489
											
F16BP											
339.8873918	56.63239535	159.5463757	6.127337683	178.2958453	30.80468336	189.1573815	15.94934603	148.6568449	15.55428152	134.257148	17.89108826
27.0764345	4.519685717	23.40463998	1.34629354	20.05000325	1.574092961	25.83390523	3.590422399	22.88991856	1.342800425	21.20524585	4.319134786
27.12441144	4.089108006	34.97698876	1.348823359	39.03168246	5.833947524	51.84459209	10.65465052	38.42822574	2.279804006	35.88118087	6.102508957
66.73747575	5.682221141	278.6913248	10.22930773	649.0773883	154.7126482	893.4866359	235.0446711	611.4123388	25.57431915	423.5413417	45.44909715
NA	NA	48.78204129	3.597523086	95.95237052	14.16754403	108.5451832	25.42784124	95.26847983	0.447575731	73.63760227	6.68512783
12.39441788	1.052038025	108.5616779	14.40505441	295.9897351	41.96086572	380.2282398	70.85580619	342.6491664	28.41996548	305.384975	24.36585241
113.1911771	9.448864256	972.6223434	94.28611606	3706.973908	681.1651097	5015.347576	1023.087355	4359.136532	544.6486005	3730.933378	347.2975428
											
PG6											
1386.885838	66.13963361	1045.811972	41.07270473	995.958439	102.0393841	853.8502671	40.34716485	809.5412821	88.92482988	736.2576442	61.20271049
111.1837744	9.14882739	96.19352178	2.097784781	79.66196905	2.620933585	69.92692133	5.070495369	62.94360834	5.060472562	68.71503207	5.367072867
45.66267104	2.38311489	53.60929176	3.969974069	45.29049028	2.605478397	34.28086492	3.504596496	41.14080451	5.274608394	36.62815145	2.462207522
23.39475687	1.868863812	73.0131536	2.002851095	59.89749599	1.454696701	61.92197762	9.732855607	85.78694911	7.152860358	106.2681445	5.866254232
NA	NA	41.45292944	2.923360558	34.96314753	4.335470225	32.63386743	2.088331839	41.71361913	2.409875793	51.0125401	3.520830872
NA	NA	72.17169067	5.82905869	99.56773415	11.94594056	114.0183098	16.24973314	175.4964657	8.610217445	242.2986064	20.76958795
77.78474779	8.162390396	434.5377409	49.90260863	680.0243627	57.97558751	818.6520967	58.33431195	1386.08796	99.04257545	1837.201234	128.5920441
											
RU5P											
170.399202	4.048526735	113.9615677	2.419298288	128.3964077	10.04480196	150.1573019	26.43591943	102.0866076	5.756056006	72.02348633	7.419733763
NA	NA	NA	NA	NA	NA	NA	NA	NA	NA	NA	NA
NA	NA	60.64836327	1.433008572	28.12331802	4.297211697	60.8191594	7.472663244	51.62872153	10.8036595	58.68009002	5.656391676
NA	NA	50.06135046	8.839872829	37.95894825	11.75168591	50.54401541	5.847115882	47.54169122	5.648443131	50.71926387	7.094516866
NA	NA	60.27556321	19.5623204	39.93354093	5.409050457	46.17655203	8.43938741	51.12386062	3.829105902	65.13579839	9.993881293
31.93223241	1.628878982	202.5178806	16.35425428	256.0267534	19.63081354	327.5808348	37.92135163	391.8100452	72.52911172	542.5087899	52.69715185
											
S7P											
854.319513	53.50460649	312.1433281	19.41938982	246.3799468	13.3885655	180.0213409	5.51682939	176.0064928	15.32543984	162.5958448	8.167316011
131.4420126	10.07155687	61.28742971	1.80158027	37.63543856	6.023844752	31.8988268	4.546262523	NA	NA	NA	NA
96.26462787	4.819251599	73.60216893	8.669559499	39.19750285	3.864254943	27.38176515	1.089454267	25.98701273	1.395142336	30.96150017	2.259350235
102.1452211	6.140571235	100.9933234	12.56180018	52.91661773	8.630944853	45.24404272	6.586127036	40.92932961	7.884946978	34.3168494	7.588768424
56.61419199	7.421419182	122.1088397	13.28156103	96.74288445	14.589041	88.73053951	7.78100934	92.07080496	10.622478	85.026484	6.87231419
36.68113763	2.333001929	95.94065155	14.41172703	88.89531551	13.80410793	76.25426892	10.38636593	73.56454861	5.919347759	74.29415344	7.727386773
NA	NA	100.8756475	13.28337508	140.8638824	21.06144802	125.3673265	4.650059713	149.237161	7.45086218	156.0777481	23.18577364
28.01540471	3.370115481	272.0159127	42.53733569	519.9296427	91.86289464	514.5872272	19.04530617	671.6558082	45.14731677	814.9820807	148.4732055
											
DHAP											
141.5075414	9.887575085	198.136365	6.025463825	134.9306104	42.93488136	184.9004744	15.41396983	161.5039712	29.12671373	119.9262739	12.00806896
NA	NA	NA	NA	NA	NA	NA	NA	NA	NA	NA	NA
112.3700574	10.58011703	95.59545372	5.305959943	138.7275688	9.046008348	132.9184478	11.40008825	154.7595541	12.69026815	132.2728674	8.215119523
53.94839613	5.545588583	631.9552374	56.8116912	757.8139358	214.0506038	1317.664131	54.29130094	1289.704002	344.4223423	1315.988821	152.0121409
											
GLYOL3P											
2761.518523	297.7201141	2509.764797	155.035069	2320.07807	145.6528246	2190.826226	111.3324581	2084.87512	189.1343598	1712.895674	103.7081353
132.4171518	9.048446837	266.182938	6.818470161	227.8020794	19.17908538	218.480291	14.01911542	206.9475898	17.2167288	169.8821475	26.1890379
94.51982847	11.60093644	472.2117627	35.56036139	617.4162124	12.11333444	655.370083	19.78718127	703.6302652	8.452864982	664.2007857	10.34674953
712.6108642	78.8445814	6834.512935	661.4423043	12692.57416	623.2445845	14267.80647	406.8249812	15037.75739	626.5549183	14100.26154	709.6109782
											
PG2O3											
661.9908759	30.85043576	373.1130672	8.602548016	213.2350747	16.35102381	261.4280663	29.2916197	272.7619169	30.80114803	280.0016327	31.12650104
27.76665401	1.328529709	38.52615798	2.587987819	20.1140849	2.508966674	22.00303291	1.197439357	31.81880701	2.99180986	31.16223858	5.342355225
33.21724446	3.012497099	86.7017053	3.746148225	76.93026687	10.27498758	87.80294533	13.40892251	142.7547196	9.94006739	152.6863344	8.634277838
197.9422224	4.523563968	962.6978272	80.00338643	1176.624868	71.57493654	1515.35005	132.1288764	2291.531761	78.09156268	2526.251619	12.90013403
											
PEP											
215.6339037	10.20613449	110.9715254	1.961309769	65.63424433	1.999279396	71.04167365	13.59913924	84.34707733	8.007735045	81.96594534	10.56715121
NA	NA	NA	NA	NA	NA	NA	NA	NA	NA	NA	NA
NA	NA	NA	NA	NA	NA	NA	NA	56.53187614	4.029995028	55.71210328	2.848838572
66.18322266	0.980353757	287.9412184	3.631456752	328.3814834	37.67321754	408.4344863	36.53689312	681.9598743	14.57538668	714.2166051	21.68811254
											
LACC											
12229.83806	861.3919943	13002.75641	1591.586924	13507.94303	167.8771149	10742.29538	1572.515435	10627.41189	1631.881196	13972.56467	2478.495683
500.5440017	20.75060485	640.2088488	43.5151715	682.1698783	32.80077742	631.375867	80.98343274	670.9118333	87.81281046	843.5345339	121.1386988
NA	NA	627.9015219	69.21021508	1004.448708	16.223762	1329.269674	34.66062595	1910.589309	44.10606045	2046.745914	156.8345924
NA	NA	3368.671316	540.8137819	5803.853503	473.9024013	7872.535775	130.846439	9582.611318	258.3150873	10293.51352	775.7094539
											
ACCOA											
124.9074092	12.1193917	134.8603799	9.413780714	111.7133602	3.522779054	88.77934146	17.92379633	92.14034442	3.83657581	95.63323028	4.830155219
37.85507308	3.109167355	38.14206315	2.398803455	34.5884521	2.669738395	29.68163135	6.239092848	26.52448773	1.510563512	29.51556604	1.400096265
16.84992124	0.415827433	38.30618309	2.984720541	60.29190212	6.613133824	63.31261992	13.06337299	60.73721027	4.577404926	66.29813416	1.807969234
											
CIT											
3901.303955	536.8305707	2074.292099	264.6598364	1358.52881	111.771376	1061.759328	116.4246456	945.596286	123.4174885	1000.607865	27.99853949
267.8859461	35.28801305	189.7545582	19.69721031	170.8323001	10.95779006	161.192189	13.93778676	168.6943531	15.83059488	206.6081092	5.098771771
156.6142534	25.23879337	422.4328867	63.64367201	517.0560577	26.53380453	604.9197061	73.54781044	680.4362633	54.31475315	906.771269	33.37587535
61.53311049	7.737778041	386.7489052	47.98318437	615.3181326	43.35249385	874.7311738	105.9526057	1106.505633	121.9924854	1385.282559	93.48225623
NA	NA	87.77967912	16.0580227	224.0219533	22.59772003	398.0839705	46.04852687	527.0929776	70.34230433	733.523946	59.28221116
NA	NA	126.0069526	31.60277976	351.3797539	34.02328693	571.6190353	67.60677795	734.3276397	119.2372717	979.1216044	99.41422512
NA	NA	19.88988685	2.1517137	49.58233427	5.100762114	118.5827736	19.60540629	154.7346848	25.83209628	221.5638754	33.79002397
											
AKG											
677.0840728	106.1457123	483.7909198	67.00285231	352.1569371	10.79077399	360.9201943	62.88944639	378.2986399	27.29027231	416.8541604	41.74852599
NA	NA	52.49831818	4.73175688	NA	NA	NA	NA	57.54410406	2.767823734	77.45753678	13.73031237
NA	NA	NA	NA	88.59411699	10.09741459	161.7090349	23.53950215	229.947976	9.488459213	276.4480193	17.65615078
NA	NA	NA	NA	34.94946157	3.72576117	NA	NA	138.6540032	11.95517126	167.2020803	18.33916123
NA	NA	NA	NA	NA	NA	NA	NA	NA	NA	NA	NA
NA	NA	NA	NA	NA	NA	NA	NA	NA	NA	NA	NA
											
SUCCOA											
391.4716843	7.584009565	281.1801354	16.57841441	204.2780205	40.63802533	301.8687043	41.82293831	404.7396561	9.88955176	313.719189	29.31304899
122.3572277	2.82726961	95.22187356	4.191424435	71.69746634	20.05245729	99.21395002	13.99389816	136.5450089	10.22809798	106.1477279	9.097073311
49.89834777	4.877093733	39.15174258	2.764404794	31.0591304	8.972828448	43.33737987	4.228740069	51.25082782	3.054036261	44.11768593	2.597308703
NA	NA	NA	NA	NA	NA	NA	NA	NA	NA	NA	NA
NA	NA	NA	NA	NA	NA	NA	NA	NA	NA	NA	NA
											
FUM											
3905.061993	219.5077436	3121.850751	255.8606552	2523.180407	35.51025689	1804.234	149.2445777	1656.137717	60.50268359	1936.752879	83.49696331
305.3027076	43.20232232	280.6053475	50.69272882	288.9879523	25.52330129	400.6159546	44.55717253	499.9006606	49.27941472	530.9454176	40.42485828
NA	NA	NA	NA	523.7708944	69.28928369	846.8630945	83.33879967	1444.670806	32.40457626	1981.869333	153.1477201
NA	NA	754.022736	79.12546252	1633.065278	88.03860647	2458.91289	187.0159931	4131.907226	355.9490219	5363.916678	492.8296893
NA	NA	NA	NA	226.6662687	19.05917499	447.7708522	24.36656278	840.0010071	68.03503974	1042.223965	153.8723891
											
MAL											
14685.71897	1040.656148	11659.28064	919.9834669	9409.975523	334.9159553	6344.619558	377.7289178	5696.386125	256.4584484	5996.298391	216.0503311
678.0872208	51.38120551	873.1070245	59.91875105	1064.101308	23.07194373	1158.16722	93.40784857	1501.83211	22.10901373	1770.93247	63.7815349
203.4633433	23.11585264	862.1435923	98.16019504	1858.808852	144.599838	3136.994526	168.4737125	5423.40634	171.5570955	7029.461603	298.5827609
343.2280224	18.81992658	3136.613305	351.244258	7158.52197	478.8652754	10759.00714	516.6925893	16669.46986	1305.794089	20307.99793	1340.449724
NA	NA	NA	NA	875.318882	101.9683074	1854.466102	114.8258984	3267.143286	333.2763435	3765.258809	295.0894965
											
ALA											
8345.212127	563.6085795	4557.353966	497.1385387	3941.303189	394.9914398	3384.468133	291.0493973	3289.849785	237.5010264	3144.117289	202.9953736
339.7174752	18.84650325	320.5667375	51.13079346	344.3904342	30.44511366	327.9910596	70.86106265	382.5617546	36.701854	401.1023323	59.92845345
84.50045729	8.222050017	441.5849623	46.84302909	780.3883881	83.04905286	915.3409872	77.956283	1379.450408	14.05250235	1596.189508	68.74497049
405.6827987	27.36027006	2648.23796	382.3441926	5103.700146	428.6324858	5516.140283	287.045602	7059.448867	189.3123797	7706.094308	313.7635229
											
ASP											
106242.1774	10609.58017	69000.48218	9335.202995	45512.09851	3787.045431	22984.04626	2414.926739	17853.03649	1957.09197	15964.00259	869.5490753
3937.454196	370.7802587	3429.749327	390.3628995	3438.066329	330.2754706	2888.786037	360.1112851	3443.890829	352.3461434	3564.076177	120.2624294
769.6076065	88.69385161	1912.745971	156.9443349	3907.61274	428.0336541	5471.467726	467.9251874	10236.58414	679.2710482	12570.29989	192.9301032
470.9906866	40.22874545	6767.498092	720.3277642	16488.13744	1055.831077	20847.73493	1002.286479	34162.54543	1800.003914	38955.85365	2223.414243
NA	NA	364.2760593	33.38699099	1332.790755	157.8663518	2463.431654	158.5708783	4590.38001	263.9032743	5383.440759	375.10506
											
G1P											
156.0575221	15.19661682	112.2733559	7.556958179	93.15469311	5.932636554	77.4279313	2.161231447	70.95496906	7.226614554	57.76802326	7.231434809
NA	NA	NA	NA	NA	NA	NA	NA	NA	NA	NA	NA
NA	NA	NA	NA	NA	NA	NA	NA	NA	NA	NA	NA
NA	NA	14.58594459	0.671183598	41.89795405	6.823747911	61.52938825	20.75375403	52.59773112	13.51131438	43.78527731	8.928082141
NA	NA	NA	NA	NA	NA	NA	NA	NA	NA	NA	NA
NA	NA	NA	NA	21.72942821	1.650781087	31.76065412	6.930798641	38.6935308	1.679028866	40.13891268	6.138988708
23.73894739	1.89967346	94.713818	11.74206236	258.1183306	38.13416473	385.3620345	88.57180105	518.7981588	21.61223231	489.0270676	13.20344846
											
UDPGLC											
4539.700291	292.5188331	3231.985285	95.86111428	1692.11411	221.5277365	733.3354137	40.41954848	466.1959018	13.13759641	350.9357952	29.17788044
786.4285353	56.60943371	553.5191373	6.007441656	313.9165	37.57395044	140.3157687	0.615333196	90.58076797	5.727921933	68.16122423	5.827956717
199.6252455	13.10054211	165.3836646	5.082477132	109.706419	3.845080044	55.26849686	1.977172801	39.43532796	5.13554846	36.30060784	4.641176008
38.50581338	2.696906364	101.8962092	6.036232739	155.5425417	10.43033604	129.2276631	7.463289927	117.6211777	8.788192208	115.2593882	15.33513532
NA	NA	43.46043379	3.223945984	86.10026378	2.769034319	80.1862362	5.778465508	65.27598729	6.591528443	64.86755016	7.565281728
NA	NA	53.20569886	5.990066343	148.1018121	6.706689179	149.1992938	4.91571143	164.3012015	3.717705388	162.5388358	21.22601988
38.11291505	0.893884066	448.9300602	60.60773766	1263.724426	47.87157202	1567.287445	20.52604491	1755.204189	121.5115757	1691.324313	129.8919285
											
LAC_ext											
16767.12986	2249.252403	29860.51487	30114.17004	83862.8283	9849.875323	115370.7604	628.447611	176884.2604	1981.914667	267524.2571	23968.99441
737.408653	118.071069	1523.485626	1533.149926	6910.882048	489.4973918	12751.21908	230.5036572	29897.88956	1254.942014	48019.03284	1604.935683
740.2174169	689.5331419	-807.0594791	2618.250934	25157.17831	1140.684029	83560.96602	2559.39439	241535.7746	10724.45722	396394.2985	6043.818473
1778.638547	203.3541667	8095.220842	8165.848322	131410.0213	759.2732016	374679.5433	9050.471047	899531.4205	31725.19426	1415522.12	18083.97639
											
PRPP											
80.65712527	13.56309891	46.78082362	5.646299593	28.68884732	0.96945635	NA	NA	30.07747092	1.443723652	NA	NA
NA	NA	NA	NA	NA	NA	NA	NA	NA	NA	NA	NA
NA	NA	NA	NA	NA	NA	NA	NA	30.96340044	4.225290973	31.9668032	6.07710024
NA	NA	NA	NA	NA	NA	NA	NA	35.38864322	7.126100968	27.58569026	2.515714042
NA	NA	NA	NA	NA	NA	NA	NA	31.72787908	5.019975352	27.90420753	7.069486154
NA	NA	NA	NA	NA	NA	35.52655537	7.900815643	216.6481114	13.21450648	207.016104	37.05668399
											
GLU											
56130.05902	10347.80567	33071.48768	4929.087998	26709.86725	1977.835074	20841.00489	1459.824265	19093.39497	1860.872711	17173.42796	1075.320833
2396.791809	447.2175005	1554.146445	189.6033698	1428.440084	117.3581278	1226.773255	75.14315402	1378.688204	89.75208039	1412.406714	90.36762589
521.0493545	82.49652927	1288.776612	140.1441125	2162.567246	176.8153647	2868.144113	290.0135763	5132.914483	403.9792529	6814.100404	687.5696199
NA	NA	312.7976177	44.7264378	770.8742583	72.21394778	1325.667324	123.7425718	2692.589457	218.0283197	3534.326944	454.7265841
NA	NA	157.7810823	31.44351283	517.2028428	54.22146331	1085.112256	172.3375861	2308.153222	305.7043219	3584.147829	620.5772972
NA	NA	88.20523053	11.25062982	325.921877	41.78627398	745.2646288	120.2696218	1572.851324	285.2770126	2368.619034	455.597902
											
GLN											
110361.6839	5791.118159	103041.5796	6201.393524	107783.4262	3754.952232	103628.6658	1754.444237	92997.4305	807.7376809	74344.14884	5183.845064
4917.411336	197.8252108	4680.300466	232.0537725	5073.800868	183.1074544	5036.276166	142.1125871	4705.569123	66.158151	3800.59853	217.4495683
630.8945855	14.33936417	1131.628571	89.34502882	2724.803344	197.1410195	4222.594348	184.115804	4596.551699	49.06110072	3917.640198	206.7825211
666.3870834	57.72593003	791.3972616	42.04518034	1500.1389	153.979304	2469.145418	59.99060895	2734.350117	38.08812542	2374.79	43.79159916
NA	NA	97.2340521	10.58635753	545.5676507	58.30418437	1623.108532	201.7726943	2195.589879	195.1926957	2265.253846	214.8799661
NA	NA	42.05589269	2.106705802	268.2820995	44.60668293	1074.861173	154.7499225	1451.837824	193.4063156	1394.328608	109.244042
											
ASN											
3053.392931	241.5603608	2648.506461	199.6281361	2635.405536	177.1155013	2050.400137	132.1784632	1525.126033	24.82699878	1011.809609	6.953520813
181.2067427	12.02053075	164.126593	21.88261011	193.6218508	15.63093619	173.7398601	10.02163776	134.1147832	9.006981035	122.1577081	1.289067792
NA	NA	NA	NA	NA	NA	139.5871287	2.417384745	220.6228887	16.10980375	211.691732	19.47568639
NA	NA	NA	NA	128.687746	17.51230052	309.9127161	30.4626274	558.8943589	59.25827542	554.1676371	62.11784323
NA	NA	NA	NA	NA	NA	52.76883007	7.869983331	95.6594308	7.195388929	95.33940143	11.32809233
											
SUCC											
878.4538167	94.19532226	656.3269795	29.80978675	503.3242814	18.39089061	417.5098406	44.20671102	419.0702939	35.32018298	493.1569932	24.74366499
40.41148838	4.229864041	31.65397515	1.036500054	27.93685364	0.398637162	28.0994189	2.991057648	33.29223324	2.065880861	44.75316459	2.839844293
4.838751244	0.625505451	47.70784064	5.941401683	79.5317974	5.47525714	121.1596955	21.13385284	174.8937996	9.206533764	269.320551	30.72212629
NA	NA	3.256011382	0.458475106	8.541222214	0.564069023	16.71195239	3.151636039	24.0582236	2.727252452	38.54108721	5.477401772
NA	NA	5.908587846	1.346615539	25.44091823	2.427034848	61.32236005	13.65475057	103.5342795	16.04958408	184.3770091	32.63182146
