GLC											
5294.545736	362.5286921	NA	NA	5392.553222	928.3698184	8390.968917	2446.421825	6771.729274	208.8859478	NA	NA
NA	NA	NA	NA	NA	NA	NA	NA	NA	NA	NA	NA
NA	NA	NA	NA	NA	NA	NA	NA	NA	NA	NA	NA
NA	NA	NA	NA	NA	NA	NA	NA	NA	NA	NA	NA
NA	NA	NA	NA	NA	NA	NA	NA	NA	NA	NA	NA
NA	NA	NA	NA	NA	NA	NA	NA	NA	NA	NA	NA
26550.52096	1566.492391	27995.92315	2598.753071	32126.84289	3030.709892	59683.92152	18889.41252	42529.85284	7285.931924	31894.04038	8359.274481
    											
G6P											
1140.527655	209.6096225	477.0308286	12.41711572	415.8115796	21.70739514	413.7962385	87.79546	527.9198971	72.15962919	529.4392371	101.0049659
105.8934503	17.74735216	65.15046137	6.394078259	56.81849183	2.935643445	56.54410574	11.05111082	65.60112913	10.79540782	67.11794913	14.75541806
85.50964949	14.80869078	79.32777424	3.116878673	72.71332402	7.23051625	77.84577698	12.8623034	76.94805909	4.957193779	72.21292057	5.220836318
99.40327884	19.03647765	84.27899161	4.890461978	66.45248373	4.352559601	53.07547109	10.67956575	76.0917191	8.713409737	71.84776064	11.39211892
NA	NA	30.2980084	4.039618958	23.49708939	3.401140108	27.63144727	4.032337722	25.06910568	1.700014549	27.45187297	4.579928901
33.26400551	4.587774277	40.78935041	6.764977658	39.61334503	1.528713983	33.36532676	2.384589687	40.67984425	2.646274091	37.55163699	1.398956532
377.5344646	40.17325385	370.9394985	13.26594132	386.7110211	40.71084723	415.0587174	22.29281723	419.5679003	40.27812704	372.4709932	34.00495567
											
F6P											
306.9723541	54.0258474	156.2443183	7.30237922	126.020843	17.3937202	138.3017881	29.42325339	163.1220606	19.38736464	150.9572313	29.17756816
31.60458878	3.55039041	19.69651602	1.6405472	NA	NA	NA	NA	NA	NA	20.95152973	5.629478553
NA	NA	NA	NA	NA	NA	NA	NA	NA	NA	NA	NA
24.83585263	6.170757408	23.52020388	1.660339696	21.41099693	0.783517528	21.27155697	1.998720399	NA	NA	18.38638043	2.221125426
NA	NA	NA	NA	NA	NA	NA	NA	NA	NA	NA	NA
NA	NA	NA	NA	NA	NA	NA	NA	NA	NA	NA	NA
78.01893343	9.242276289	82.07784609	2.135373619	84.95393859	7.225805713	100.2212458	7.084115535	98.27934108	5.437331402	95.59840505	3.499326057
											
F16BP											
313.8740799	41.60608448	195.8545367	10.06148937	152.8069552	9.385373991	156.493589	14.46765934	175.10599	9.014431215	169.5723067	16.01475401
29.1745793	2.909698152	23.89509883	3.484825628	18.76008436	1.025852487	16.70303129	2.605329183	19.03240959	1.495487538	18.46467263	1.37303924
20.52076612	2.503490836	25.52233132	2.53060937	18.21134428	0.804114319	16.03508186	1.852524469	14.29838354	2.373682761	16.26693349	0.568394255
70.96388944	6.638649736	87.11733635	7.740857594	65.007011	1.241836819	58.81001383	9.214155978	45.30072988	1.752660866	39.87976757	1.170289592
NA	NA	14.41603705	0.800157355	NA	NA	NA	NA	NA	NA	NA	NA
12.62785124	0.275001571	21.95388555	2.288846876	22.73268238	1.042183636	19.58138511	3.357823304	18.09861331	2.734370977	14.00111323	1.430559574
104.5194013	18.74881956	223.5073684	11.48973354	239.6801042	15.32656989	222.3425371	40.54993639	212.6666661	21.42116427	180.6454825	17.16810989
											
PG6											
1381.23379	101.779475	1033.321098	23.09641181	1076.578127	5.171636829	866.3215577	84.3332266	979.5342253	18.43486767	937.3154214	51.75980357
105.8764635	12.42789374	87.44442654	7.686857774	84.66089606	6.045501457	77.15726118	3.741001873	88.0501375	6.395816938	82.92113894	5.111894585
40.37715656	2.50084575	40.31711763	5.518559924	38.58513361	2.412902585	37.51105037	4.713617384	38.73891119	2.019527921	44.07268929	3.000279249
20.65556068	2.425682467	28.49850547	2.000460251	26.65623812	1.937000156	30.39764495	0.531118217	32.49898329	1.509429968	31.2946962	2.053283353
NA	NA	NA	NA	NA	NA	NA	NA	NA	NA	NA	NA
NA	NA	NA	NA	NA	NA	NA	NA	18.32622313	1.135984924	NA	NA
57.13378626	7.760469432	71.89257798	0.805345088	85.38690665	5.702838224	106.7945999	5.434744865	111.6538938	1.475165822	128.8829362	5.061040687
											
RU5P											
179.8739295	21.53446889	128.2311802	5.663071411	125.1851926	13.94481065	92.64186934	13.52470897	109.7113843	11.38450948	100.4432014	6.058731614
NA	NA	NA	NA	NA	NA	NA	NA	NA	NA	NA	NA
NA	NA	NA	NA	NA	NA	NA	NA	NA	NA	NA	NA
NA	NA	NA	NA	NA	NA	NA	NA	NA	NA	NA	NA
NA	NA	NA	NA	NA	NA	NA	NA	NA	NA	NA	NA
29.64379631	4.1524204	48.93770985	1.949819425	42.01652987	4.096782079	29.07571522	5.074872681	28.34961331	1.271979106	28.6822782	3.00244185
											
S7P											
704.9887955	90.05402551	409.9987459	16.29348044	343.5731648	13.32714328	343.0347542	58.92226878	405.8233664	47.44249878	362.413183	37.34835518
96.14749459	14.50622241	96.66208119	6.755766743	66.23552245	4.640686316	66.66534148	8.326232732	82.24879342	6.852486807	77.10733176	13.51434218
67.94167626	8.888157441	80.58032397	3.673440518	48.89369275	1.828015794	52.66115459	5.744456629	57.94529438	4.525815973	53.44031272	7.961037632
62.57367493	12.2871176	62.92176844	1.320921623	44.32642564	7.636674635	44.38591921	7.291923096	54.97232469	8.378856096	58.79450892	10.25086034
37.48616182	5.195774343	56.45120733	1.792778051	34.50749522	0.085723537	33.25341637	2.432869277	36.46305081	3.450930502	35.79671804	4.840139955
25.33437199	3.220318599	38.5327717	1.496929373	24.87193765	0.506038388	24.19378241	4.016761283	25.80413681	3.563457116	23.50290269	3.118317072
NA	NA	27.57242134	2.275731364	22.62619576	1.612411175	24.83382306	4.433562758	22.5930251	3.572287949	21.44743716	4.639653848
NA	NA	42.43386784	4.55239781	34.7194581	2.653623086	40.53714156	2.249078955	37.65603579	4.082964433	37.36952218	1.793070747
											
DHAP											
189.1863906	41.99347218	163.4123422	12.08396848	135.9500108	10.73105175	119.8309141	4.988873069	118.2642381	6.148577746	104.8146493	11.23579718
NA	NA	NA	NA	NA	NA	NA	NA	NA	NA	NA	NA
82.2821361	15.92204397	72.63390559	11.89750215	62.22832597	15.57739648	128.6511495	44.83145949	92.56357449	15.05201639	66.97207177	15.95177104
70.48700782	16.32413761	131.8598613	2.613201022	148.5603995	16.41621387	120.8354063	22.95513014	97.76441112	13.19893868	84.25247527	15.07059394
											
GLYOL3P											
2857.67863	102.4779083	2373.146925	67.64096849	2134.926202	125.4536335	2097.338102	194.7187189	2241.275868	158.5444655	1919.300108	95.6708062
147.3908868	4.09456086	187.8622804	15.81710424	135.2565977	10.41974225	140.6780726	28.56757845	123.3446517	14.56891741	104.1138143	4.040000894
90.99857493	8.487400772	158.4008915	9.817910485	113.6700429	11.22557181	105.341836	5.997978896	101.8834589	6.186038629	97.24686364	13.3126717
622.6903735	51.41774354	1022.911107	70.06340998	1014.494901	16.79083694	842.4409871	77.69506637	775.465341	34.4957397	676.984034	68.45727661
											
PG2O3											
681.3026983	14.12504272	567.8078553	15.13545015	494.0416722	1.141130429	448.1407708	23.02739371	479.5076738	21.04575655	514.0006821	14.50737635
31.2960273	2.385983299	31.98193406	1.962540586	28.9980887	3.186608021	24.52537997	4.36464339	34.61790735	4.50931091	20.08555357	1.389874196
34.77918951	2.530495308	40.81496097	3.407868331	33.7744739	1.001578077	24.97511668	2.613471977	29.80535584	1.403972503	33.83948279	2.134351749
163.8196267	10.19098031	237.0892222	11.27712532	242.6718535	16.24463191	217.7874662	25.80571777	197.038002	13.22167882	176.3379145	7.217147599
											
PEP											
237.6352961	9.676104454	191.2254998	8.913392603	160.5855595	7.882415907	136.026581	8.221297783	171.5334247	4.387928646	167.0378898	8.51192021
NA	NA	NA	NA	NA	NA	NA	NA	NA	NA	NA	NA
NA	NA	NA	NA	NA	NA	NA	NA	NA	NA	NA	NA
48.85149497	5.850877464	79.90530346	10.45246786	67.53778411	0.816383421	55.02550615	5.122211302	58.71525763	6.897984128	54.77894639	1.352967186
											
LACC											
14823.78058	2360.867576	11168.56175	1265.257557	16867.32463	2405.035755	10682.76635	711.0276503	19274.24387	8890.557721	15122.46565	3505.162948
614.8564797	102.370332	543.6086596	46.68219943	736.0464889	100.5891128	517.0855544	20.77515736	852.8262325	345.6273399	681.2138132	122.9739472
NA	NA	306.1337028	18.97043807	387.5036573	20.19057378	356.6864015	15.1328098	388.6416178	41.41202845	378.2276365	18.76171867
NA	NA	NA	NA	NA	NA	1126.17809	200.8910874	1001.062383	159.4713755	NA	NA
											
ACCOA											
134.9505527	18.64208154	114.265816	8.208154377	106.0355907	5.640304347	71.41422356	8.502538431	115.0213341	17.01303577	114.2471834	9.821324617
39.02069243	4.121403493	33.83673805	1.567459274	31.83593779	2.449163382	21.25813506	3.00106123	32.22924502	6.889894501	35.15748974	4.361464299
18.75889323	3.302789676	19.59299761	1.153660669	19.99532223	0.410499424	13.01446993	1.206885267	20.68157378	4.542850792	19.30144696	0.742854928
											
CIT											
4061.924207	297.7255769	3230.905816	284.1871815	3631.425708	124.256247	3979.157896	483.2271912	3426.327567	449.7077513	3263.623398	285.1127984
264.2874224	15.78153266	261.7534084	16.98301678	359.6895299	7.20294742	437.94342	54.0184346	421.1816376	43.40308114	419.6338845	20.2420953
161.3519235	5.973015695	343.0719918	30.0198164	537.6161695	9.160385728	629.9114532	54.40045831	566.0290435	31.49959031	558.6302379	19.15485645
64.72717381	3.732511291	260.5419924	15.26310459	486.1723627	27.02222526	577.4847409	62.34040646	547.6452745	39.69455263	492.9534494	22.69952188
NA	NA	52.23909755	4.924028947	95.5995452	4.014907522	134.3066732	8.962266012	124.8616936	7.315430571	131.0775266	5.368246225
NA	NA	48.94928251	4.527393221	91.35058482	7.14786506	111.8561896	6.856449222	100.7967451	8.601709855	101.1855916	7.011947822
NA	NA	NA	NA	20.08293508	0.990269411	26.48001634	2.853047091	28.27757546	3.079777856	30.85425098	3.753193111
											
AKG											
653.5680696	77.98886696	480.5555978	36.72903137	520.7475194	32.68288858	537.9705881	100.953567	552.818978	51.9211413	462.8468667	90.9608495
NA	NA	61.54604933	19.12049738	NA	NA	NA	NA	63.17035902	6.819672391	62.48550181	10.60455662
NA	NA	NA	NA	84.49285678	15.79890018	114.0857174	13.33074133	108.2602025	14.81515973	96.46191356	12.44494711
NA	NA	NA	NA	NA	NA	NA	NA	NA	NA	30.33299712	11.28186274
NA	NA	NA	NA	NA	NA	NA	NA	NA	NA	NA	NA
NA	NA	NA	NA	NA	NA	NA	NA	NA	NA	NA	NA
											
SUCCOA											
336.0816079	20.93178894	327.692613	15.47782397	317.7325342	17.18710642	363.6456151	14.07888168	365.6714134	6.09009064	325.9523307	28.54357843
110.3012333	6.717085349	115.4573708	12.69283258	96.83222383	11.03199983	131.6251637	11.58080119	115.4604213	6.894700477	109.5013008	6.189854924
45.36202918	5.801575148	47.56427891	4.278893818	46.11012297	1.698560018	52.27182011	2.993517225	58.81080583	3.599695376	44.40793322	3.640251269
NA	NA	NA	NA	NA	NA	NA	NA	NA	NA	NA	NA
NA	NA	NA	NA	NA	NA	NA	NA	NA	NA	NA	NA
											
FUM											
3529.010102	193.6311865	2932.772374	150.9231829	2999.978247	121.4547224	2505.300904	299.8591322	2752.314868	133.57105	2646.827893	210.9484539
NA	NA	309.6488405	17.88508685	262.3969719	80.67018965	239.3520744	36.24162334	349.5378788	27.8477073	327.0515559	52.69054997
NA	NA	NA	NA	NA	NA	340.6235493	37.68261621	356.5530166	44.68860189	341.4826534	22.26244917
NA	NA	283.6881519	36.72921317	398.2975096	30.46860016	386.8178539	42.24234104	417.4653463	46.59755849	363.5403639	18.22579203
NA	NA	NA	NA	NA	NA	NA	NA	NA	NA	NA	NA
											
MAL											
13802.1651	261.5328546	11827.27068	586.4301419	11206.08986	368.2259134	10052.30356	832.2034158	10549.5926	389.1686456	10778.99764	607.466759
615.1536147	15.26063954	704.3005175	31.84240593	831.5013403	25.10359112	883.9982155	45.05033977	1021.087858	32.81060627	1046.706925	4.305869656
202.8587822	6.434783297	452.3555206	8.311738663	752.9407156	8.837020531	1054.053361	54.52556008	1163.044119	46.93247502	1203.366259	14.30303737
318.9794199	19.95274356	1063.769983	61.24759616	1612.187494	26.74943986	1668.287461	113.5985776	1653.845387	21.03985903	1548.087676	21.08772299
NA	NA	NA	NA	NA	NA	NA	NA	NA	NA	NA	NA
											
ALA											
7980.261026	419.3588367	5347.627302	255.7797843	4535.793889	145.633984	4598.635845	307.6931194	5797.884315	406.0998062	5739.124915	398.2173797
297.2645037	17.47861293	336.7054595	18.1578724	313.7089646	29.18569387	319.8447078	33.59835261	342.3481492	63.92704179	398.3278661	30.10108307
86.48474484	8.669451744	190.5607746	13.06628772	197.3929087	8.135617889	235.248721	38.26876692	299.0071716	51.24949147	332.499519	45.28064983
NA	NA	926.6728814	105.6542134	883.7478817	22.50105639	855.108115	104.4014566	811.1384795	81.09513571	NA	NA
											
ASP											
90919.58852	6504.153275	75824.23729	4804.445758	62032.68276	4018.201805	48355.40273	3280.216008	55169.7103	4711.37914	57335.88753	3942.612295
3498.862296	207.5198633	3483.957103	160.5705048	3343.485666	204.4999715	3238.060287	300.8696964	4151.014072	511.3388146	4563.788776	274.3845673
655.8207226	65.10672661	1402.189948	72.03671058	2056.218336	101.2072248	2849.80614	230.4190372	3838.668168	607.2809413	4123.207647	281.6988217
436.5121028	32.78684658	3004.216611	236.9088471	4690.01788	146.5017317	4802.408373	440.5679412	5325.826567	683.6781989	5333.622572	228.9567012
NA	NA	120.9349548	10.46009135	219.9309519	7.580694508	267.790217	23.56843498	331.1712388	44.20262967	351.5531777	10.47889964
											
G1P											
145.5618837	14.90251644	109.3271587	8.088290464	104.2680963	4.610994378	87.61225635	8.493209749	73.4459573	10.89344642	88.83944605	7.71756729
NA	NA	NA	NA	NA	NA	NA	NA	NA	NA	NA	NA
NA	NA	NA	NA	NA	NA	NA	NA	NA	NA	NA	NA
NA	NA	NA	NA	NA	NA	NA	NA	NA	NA	NA	NA
NA	NA	NA	NA	NA	NA	NA	NA	NA	NA	NA	NA
NA	NA	NA	NA	NA	NA	NA	NA	NA	NA	NA	NA
15.78933201	0.412698865	18.3506384	0.444616107	26.34184976	1.120971921	26.32023842	5.407381496	36.66137199	4.433369077	28.20071705	4.657267593
											
UDPGLC											
4418.517283	165.5693872	4131.19076	230.5052188	3908.825045	123.7796638	3130.786109	357.4087219	3190.091447	212.2821531	2942.508587	57.92331194
755.6106793	36.4419246	715.4293186	42.63671561	687.5595944	26.68681797	595.3601046	53.46696607	634.455597	32.0452489	598.876986	11.22562204
193.8295455	6.914799961	219.7179466	5.248191905	209.8723483	5.244487115	219.4161525	9.041304624	239.5214957	2.989374066	252.6267488	4.576004274
33.68338053	1.526139444	92.48375588	7.299601033	126.7004148	12.20530104	173.9495647	8.377925596	225.8803345	7.672640722	224.2648068	19.15660575
NA	NA	30.7147967	3.219997102	44.45444038	2.175667497	82.75107845	14.00466511	99.581754	6.608704579	115.118514	5.290547435
NA	NA	23.831125	2.623842336	41.14265503	5.7342913	74.21519498	10.09370139	90.74321419	3.578652156	88.58930984	8.223776593
30.78090242	5.141351409	186.7730161	2.043203525	338.4242362	17.46094639	521.0480935	48.86746731	572.7366979	32.27568592	585.803203	20.62006919
											
LAC_ext											
21420.10458	11793.82036	28282.53512	14544.86182	76669.56651	1116.077052	119389.4688	6209.441282	270251.0714	8125.748215	466264.9959	53011.49006
816.5160147	447.6354887	1438.560687	749.0562828	5235.210265	256.5967224	9560.253818	188.3349535	22796.82962	1404.469756	39888.92651	2225.589812
-751.0082111	1847.046594	-2551.153424	2910.273474	11025.01994	1944.440418	17074.12542	556.164096	53666.85993	6246.108928	83562.36669	3610.725159
1567.393524	841.7757776	7770.803398	3886.141904	36877.28202	2559.964961	67104.3384	4433.909693	138935.5862	18143.4958	208956.6909	13883.09608
											
PRPP											
58.66548907	19.03478388	33.50192129	9.451415651	30.94328582	11.23192406	44.42696863	8.759165377	38.79383719	15.06141266	29.30130779	0.140353508
NA	NA	NA	NA	NA	NA	NA	NA	NA	NA	NA	NA
NA	NA	NA	NA	NA	NA	NA	NA	NA	NA	NA	NA
NA	NA	NA	NA	NA	NA	NA	NA	NA	NA	NA	NA
NA	NA	NA	NA	NA	NA	NA	NA	NA	NA	NA	NA
NA	NA	NA	NA	NA	NA	NA	NA	NA	NA	NA	NA
											
GLU											
49488.55358	5256.32438	34145.13869	3302.063871	33628.25967	4135.530842	31394.35428	5185.446082	34717.47126	2903.977355	32613.19156	4343.352496
2100.551543	141.8012507	1577.423829	135.0394021	1720.758052	180.7130312	1795.457019	294.4923053	2113.246529	132.3965839	2100.316517	204.1380343
507.4027691	36.46176874	1008.521325	89.2474867	1716.766698	138.7760958	2331.036225	557.2666376	3038.120204	253.0804914	3064.87075	297.9375747
NA	NA	238.1772517	14.30013236	487.7460261	37.94943783	706.7392466	175.6206287	935.1677003	85.66542705	960.0134606	110.1444542
NA	NA	63.01497735	10.65909055	158.2032119	17.19577648	259.4078562	43.19352721	320.1328653	19.98574523	332.8224519	29.0008664
NA	NA	NA	NA	111.7387306	8.21202007	148.1210218	28.01592861	193.5949986	19.67224318	195.0612428	21.81553374
											
GLN											
106883.4641	1439.037969	115750.3809	2845.976999	114174.7191	4650.329966	112602.8015	6338.323174	111627.0313	2225.584521	108107.6921	2436.505796
4823.356879	66.67684587	5240.503751	160.8862078	5265.936123	231.0421629	5468.445648	343.8470896	5577.257231	72.15395759	5666.309336	120.852512
635.6260939	14.64894067	1036.834063	18.59715215	1952.740001	92.9016715	2746.626897	186.9110757	3066.566027	59.59114769	3378.679684	144.0041435
607.8782966	51.06242363	776.0723883	12.32067298	1067.750679	41.70879448	1484.083463	64.6411767	1406.173171	63.74681475	1502.766533	70.27414576
NA	NA	82.5656361	8.118649686	164.8901859	5.896989827	252.4194865	5.441212887	279.7138241	7.968643616	303.2139419	27.80287025
NA	NA	NA	NA	74.68729476	13.96928959	114.1022829	13.39031659	122.7013997	8.627238461	146.738715	28.42800507
											
ASN											
2904.557006	102.5261943	3002.655541	86.54226294	2723.529617	89.54121047	2672.702492	164.1864809	2787.529592	33.20435846	2723.709654	49.56963997
189.1370831	9.359227901	173.5643909	13.21711665	177.729099	13.95125347	178.5555927	10.54376785	213.3521822	16.48645455	229.2618359	13.54923853
NA	NA	NA	NA	NA	NA	NA	NA	113.8204962	7.280362274	126.4905791	6.846207577
NA	NA	NA	NA	61.36677171	2.145327249	95.03438425	10.0778419	115.1846749	8.640067935	118.0750544	4.991603733
NA	NA	NA	NA	NA	NA	NA	NA	NA	NA	NA	NA
											
SUCC											
997.0490439	25.31982368	564.7424296	14.53101206	661.0752783	54.78081884	790.4737824	91.80535172	678.0637821	46.89027116	744.8719213	111.4903189
45.26556793	0.389281655	28.14512063	0.654734804	36.96167019	3.075059626	51.18470366	4.57861082	49.16233167	4.502847695	53.31612936	7.607897439
5.921491837	0.351999427	30.88049527	1.792897187	61.48519128	1.17224441	96.03143181	6.346062985	85.7561581	6.675163647	91.68274743	8.761929548
NA	NA	1.879428555	0.068955895	4.422426638	0.196409744	8.024088158	0.536769615	8.248581534	0.889927339	9.271064159	0.783558997
NA	NA	2.434861322	0.244714873	8.186876447	0.763293622	15.48785731	1.549951053	15.18369451	0.942210101	16.36638682	0.584076125
